0 0 0
0 0 0
159 117 255
132 79 255
130 67 255
122 55 255
122 56 255
122 56 255
122 56 255
123 57 255
123 57 255
123 57 255
123 57 255
123 57 255
122 55 255
122 56 255
124 58 255
125 60 255
126 62 255
126 61 255
120 52 255
119 51 255
126 62 255
129 66 255
129 66 255
129 66 255
128 65 255
128 65 255
128 64 255
128 64 255
128 64 255
132 70 255
142 93 255
0 0 0
0 0 0
0 0 0
0 0 0
154 110 255
134 73 255
129 66 255
129 66 255
122 56 255
122 56 255
122 56 255
122 56 255
123 57 255
122 56 255
123 57 255
122 56 255
122 56 255
123 57 255
125 60 255
142 85 255
0 0 0
0 0 0
150 98 255
124 59 255
125 60 255
128 65 255
128 65 255
129 66 255
129 66 255
128 65 255
128 65 255
128 64 255
128 64 255
128 64 255
128 64 255
128 64 255
137 86 255
0 0 0
0 0 0
154 111 255
134 73 255
129 66 255
129 66 255
129 66 255
122 56 255
122 56 255
122 56 255
123 57 255
122 56 255
122 56 255
123 57 255
122 56 255
123 57 255
131 69 255
0 0 0
0 0 0
0 0 0
0 0 0
0 0 0
0 0 0
139 81 255
129 66 255
128 65 255
128 65 255
129 66 255
128 65 255
128 65 255
128 65 255
128 65 255
128 65 255
128 65 255
128 64 255
128 64 255
139 89 255
0 0 0
134 73 255
128 65 255
128 65 255
128 65 255
128 65 255
122 56 255
123 57 255
123 57 255
122 56 255
122 56 255
123 57 255
122 56 255
123 57 255
130 68 255
0 0 0
0 0 0
0 0 0
0 0 0
0 0 0
0 0 0
0 0 0
0 0 0
140 82 255
129 66 255
128 65 255
128 65 255
128 65 255
128 65 255
128 65 255
128 65 255
128 65 255
128 65 255
128 64 255
128 64 255
130 67 255
148 94 255
128 65 255
128 65 255
128 65 255
128 65 255
128 65 255
122 56 255
123 57 255
123 57 255
122 56 255
123 57 255
123 57 255
123 57 255
130 68 255
0 0 0
0 0 0
0 0 0
0 0 0
0 0 0
0 0 0
0 0 0
0 0 0
0 0 0
0 0 0
138 79 255
128 65 255
128 65 255
128 65 255
128 65 255
128 65 255
128 65 255
128 65 255
128 65 255
128 64 255
128 64 255
128 64 255
129 66 255
129 66 255
129 66 255
129 66 255
129 66 255
130 67 255
122 56 255
122 56 255
123 57 255
123 57 255
123 57 255
122 56 255
130 67 255
0 0 0
0 0 0
0 0 0
0 0 0
0 0 0
0 0 0
0 0 0
0 0 0
0 0 0
0 0 0
0 0 0
0 0 0
136 77 255
128 65 255
128 65 255
128 65 255
128 65 255
128 65 255
128 65 255
128 65 255
128 64 255
128 64 255
128 64 255
128 65 255
130 67 255
129 66 255
129 66 255
129 66 255
129 66 255
122 56 255
122 56 255
123 57 255
113 52 255
122 56 255
129 66 255
0 0 0
0 0 0
0 0 0
0 0 0
0 0 0
0 0 0
0 0 0
0 0 0
0 0 0
0 0 0
0 0 0
0 0 0
0 0 0
0 0 0
135 75 255
128 65 255
128 65 255
128 65 255
128 65 255
128 65 255
128 65 255
128 65 255
128 64 255
128 64 255
128 65 255
130 67 255
130 67 255
130 67 255
129 66 255
129 66 255
122 56 255
122 56 255
113 52 255
114 53 255
119 61 255
0 0 0
0 0 0
0 0 0
0 0 0
0 0 0
0 0 0
0 0 0
0 0 0
0 0 0
0 0 0
0 0 0
0 0 0
0 0 0
0 0 0
0 0 0
0 0 0
135 75 255
129 66 255
128 65 255
128 65 255
128 65 255
128 65 255
129 66 255
129 66 255
129 66 255
129 66 255
130 67 255
130 67 255
130 67 255
130 67 255
130 67 255
122 56 255
114 53 255
113 52 255
120 62 255
0 0 0
0 0 0
0 0 0
0 0 0
0 0 0
0 0 0
0 0 0
0 0 0
0 0 0
0 0 0
0 0 0
0 0 0
0 0 0
0 0 0
0 0 0
0 0 0
0 0 0
0 0 0
136 76 255
129 66 255
129 66 255
129 66 255
129 66 255
129 66 255
129 66 255
129 66 255
129 66 255
130 67 255
130 67 255
130 67 255
130 67 255
130 67 255
122 55 255
114 53 255
121 63 255
0 0 0
0 0 0
0 0 0
0 0 0
0 0 0
0 0 0
0 0 0
0 0 0
0 0 0
0 0 0
0 0 0
0 0 0
0 0 0
0 0 0
0 0 0
0 0 0
0 0 0
0 0 0
0 0 0
0 0 0
136 77 255
129 66 255
129 66 255
129 66 255
129 66 255
129 66 255
129 66 255
129 66 255
130 67 255
130 67 255
130 67 255
130 67 255
130 67 255
114 53 255
121 63 255
0 0 0
0 0 0
0 0 0
0 0 0
0 0 0
0 0 0
0 0 0
0 0 0
0 0 0
0 0 0
0 0 0
0 0 0
0 0 0
0 0 0
0 0 0
0 0 0
0 0 0
0 0 0
0 0 0
0 0 0
0 0 0
0 0 0
139 81 255
129 66 255
129 66 255
129 66 255
129 66 255
129 66 255
129 66 255
130 67 255
130 67 255
129 66 255
129 66 255
129 66 255
121 63 255
0 0 0
0 0 0
0 0 0
0 0 0
0 0 0
0 0 0
0 0 0
0 0 0
0 0 0
0 0 0
0 0 0
0 0 0
0 0 0
0 0 0
0 0 0
0 0 0
0 0 0
0 0 0
0 0 0
0 0 0
0 0 0
0 0 0
0 0 0
0 0 0
141 84 255
129 66 255
128 65 255
130 67 255
130 67 255
130 67 255
129 66 255
129 66 255
129 66 255
129 66 255
135 75 255
0 0 0
0 0 0
0 0 0
0 0 0
0 0 0
0 0 0
0 0 0
0 0 0
0 0 0
0 0 0
0 0 0
0 0 0
0 0 0
0 0 0
0 0 0
0 0 0
0 0 0
0 0 0
0 0 0
0 0 0
0 0 0
0 0 0
0 0 0
0 0 0
0 0 0
0 0 0
144 88 255
130 67 255
130 67 255
130 67 255
130 67 255
129 66 255
130 67 255
130 67 255
135 75 255
0 0 0
0 0 0
0 0 0
0 0 0
0 0 0
0 0 0
0 0 0
0 0 0
0 0 0
0 0 0
0 0 0
0 0 0
0 0 0
0 0 0
0 0 0
0 0 0
0 0 0
0 0 0
0 0 0
0 0 0
0 0 0
0 0 0
0 0 0
0 0 0
0 0 0
0 0 0
0 0 0
0 0 0
145 90 255
130 67 255
130 67 255
128 65 255
129 66 255
129 66 255
135 75 255
0 0 0
0 0 0
0 0 0
0 0 0
0 0 0
0 0 0
0 0 0
0 0 0
0 0 0
0 0 0
0 0 0
0 0 0
0 0 0
0 0 0
0 0 0
0 0 0
0 0 0
0 0 0
0 0 0
0 0 0
0 0 0
0 0 0
0 0 0
0 0 0
0 0 0
0 0 0
0 0 0
0 0 0
0 0 0
0 0 0
146 92 255
124 67 255
128 65 255
130 67 255
135 75 255
0 0 0
0 0 0
0 0 0
0 0 0
0 0 0
0 0 0
0 0 0
0 0 0
0 0 0
0 0 0
0 0 0
0 0 0
0 0 0
0 0 0
0 0 0
0 0 0
0 0 0
0 0 0
0 0 0
0 0 0
0 0 0
0 0 0
0 0 0
0 0 0
0 0 0
0 0 0
0 0 0
0 0 0
0 0 0
0 0 0
0 0 0
0 0 0
147 93 255
129 66 255
130 67 255
0 0 0
0 0 0
0 0 0
0 0 0
0 0 0
0 0 0
0 0 0
0 0 0
0 0 0
0 0 0
0 0 0
0 0 0
142 94 255
0 0 0
0 0 0
0 0 0
0 0 0
0 0 0
0 0 0
0 0 0
0 0 0
162 115 255
168 124 255
0 0 0
0 0 0
0 0 0
0 0 0
0 0 0
0 0 0
0 0 0
0 0 0
0 0 0
0 0 0
0 0 0
134 73 255
130 68 255
0 0 0
0 0 0
0 0 0
0 0 0
0 0 0
0 0 0
0 0 0
0 0 0
0 0 0
0 0 0
0 0 0
123 66 255
138 80 255
0 0 0
0 0 0
0 0 0
0 0 0
0 0 0
0 0 0
0 0 0
0 0 0
153 102 255
126 71 255
167 123 255
0 0 0
0 0 0
0 0 0
0 0 0
0 0 0
0 0 0
0 0 0
0 0 0
0 0 0
0 0 0
140 82 255
137 78 255
0 0 0
0 0 0
0 0 0
0 0 0
0 0 0
0 0 0
0 0 0
0 0 0
0 0 0
0 0 0
122 65 255
115 55 255
137 78 255
0 0 0
0 0 0
0 0 0
0 0 0
0 0 0
0 0 0
0 0 0
0 0 0
151 99 255
130 67 255
132 70 255
168 124 255
0 0 0
0 0 0
0 0 0
0 0 0
0 0 0
0 0 0
0 0 0
0 0 0
0 0 0
141 84 255
134 74 255
0 0 0
0 0 0
0 0 0
0 0 0
0 0 0
0 0 0
0 0 0
0 0 0
0 0 0
121 64 255
114 54 255
114 54 255
137 78 255
0 0 0
0 0 0
0 0 0
0 0 0
0 0 0
0 0 0
0 0 0
0 0 0
150 98 255
129 66 255
130 67 255
132 70 255
167 123 255
0 0 0
0 0 0
0 0 0
0 0 0
0 0 0
0 0 0
0 0 0
0 0 0
140 82 255
130 67 255
0 0 0
0 0 0
0 0 0
0 0 0
0 0 0
0 0 0
0 0 0
0 0 0
121 64 255
114 54 255
115 55 255
114 54 255
137 78 255
0 0 0
0 0 0
0 0 0
0 0 0
0 0 0
0 0 0
0 0 0
0 0 0
150 97 255
130 67 255
130 67 255
130 67 255
130 68 255
168 124 255
0 0 0
0 0 0
0 0 0
0 0 0
0 0 0
0 0 0
0 0 0
134 74 255
129 66 255
140 82 255
0 0 0
0 0 0
0 0 0
0 0 0
0 0 0
0 0 0
119 61 255
114 54 255
114 54 255
114 54 255
114 54 255
137 78 255
0 0 0
0 0 0
0 0 0
0 0 0
0 0 0
0 0 0
0 0 0
0 0 0
150 97 255
130 67 255
130 67 255
130 67 255
130 67 255
130 68 255
168 124 255
0 0 0
0 0 0
0 0 0
0 0 0
0 0 0
148 94 255
130 67 255
129 66 255
129 66 255
139 81 255
145 97 255
152 108 255
154 110 255
135 84 255
117 57 255
114 54 255
114 54 255
114 54 255
114 54 255
114 54 255
137 78 255
0 0 0
0 0 0
0 0 0
0 0 0
0 0 0
0 0 0
0 0 0
0 0 0
150 97 255
130 67 255
130 67 255
130 67 255
130 67 255
130 67 255
129 66 255
142 86 255
155 112 255
161 114 255
155 105 255
139 81 255
129 66 255
130 67 255
128 65 255
128 65 255
114 53 255
114 53 255
114 53 255
114 53 255
114 53 255
114 53 255
114 54 255
114 54 255
114 54 255
114 54 255
128 65 255
137 78 255
0 0 0
0 0 0
0 0 0
0 0 0
0 0 0
0 0 0
0 0 0
0 0 0
150 98 255
130 67 255
129 66 255
129 66 255
129 66 255
129 66 255
129 66 255
129 66 255
129 66 255
129 66 255
129 66 255
129 66 255
129 66 255
129 66 255
128 65 255
128 65 255
122 56 255
122 56 255
124 58 255
124 58 255
124 58 255
124 58 255
114 54 255
114 54 255
114 54 255
114 54 255
128 65 255
137 78 255
0 0 0
0 0 0
0 0 0
0 0 0
0 0 0
0 0 0
0 0 0
0 0 0
150 98 255
130 67 255
130 67 255
130 67 255
129 66 255
129 66 255
129 66 255
130 67 255
130 67 255
130 67 255
130 67 255
130 67 255
130 67 255
130 67 255
128 65 255
128 65 255
122 56 255
122 56 255
124 58 255
124 58 255
123 57 255
123 57 255
124 58 255
123 57 255
123 57 255
114 54 255
128 65 255
137 78 255
0 0 0
0 0 0
0 0 0
0 0 0
0 0 0
0 0 0
0 0 0
0 0 0
150 98 255
130 67 255
130 67 255
130 67 255
129 66 255
129 66 255
130 67 255
130 67 255
130 67 255
130 67 255
130 67 255
130 67 255
130 67 255
130 67 255
128 65 255
122 56 255
122 56 255
122 56 255
124 58 255
124 58 255
123 57 255
123 57 255
123 57 255
123 57 255
123 57 255
123 57 255
128 65 255
137 78 255
0 0 0
0 0 0
0 0 0
0 0 0
0 0 0
0 0 0
0 0 0
0 0 0
150 98 255
130 67 255
130 67 255
130 67 255
130 67 255
130 67 255
130 67 255
130 67 255
130 67 255
130 67 255
130 67 255
130 67 255
130 67 255
130 67 255
128 64 255
122 56 255
122 56 255
124 58 255
124 58 255
124 58 255
123 57 255
123 57 255
123 57 255
123 57 255
123 57 255
123 57 255
128 65 255
137 78 255
0 0 0
0 0 0
0 0 0
0 0 0
0 0 0
0 0 0
0 0 0
0 0 0
150 98 255
130 67 255
130 67 255
130 67 255
130 67 255
130 67 255
130 67 255
130 67 255
130 67 255
130 67 255
130 67 255
130 67 255
130 67 255
129 66 255
128 65 255
122 56 255
122 56 255
124 58 255
124 58 255
124 58 255
123 57 255
123 57 255
123 57 255
123 57 255
123 57 255
123 57 255
128 65 255
137 78 255
0 0 0
0 0 0
0 0 0
0 0 0
0 0 0
0 0 0
0 0 0
0 0 0
150 98 255
130 67 255
130 67 255
130 67 255
130 67 255
130 67 255
130 67 255
130 67 255
130 67 255
130 67 255
130 67 255
130 67 255
129 66 255
129 66 255
129 66 255
122 56 255
122 56 255
124 58 255
124 58 255
124 58 255
123 57 255
123 57 255
123 57 255
123 57 255
123 57 255
123 57 255
128 65 255
137 78 255
0 0 0
0 0 0
0 0 0
0 0 0
0 0 0
0 0 0
0 0 0
0 0 0
150 98 255
130 67 255
130 67 255
130 67 255
130 67 255
130 67 255
130 67 255
130 67 255
130 67 255
130 67 255
130 67 255
130 67 255
129 66 255
129 66 255
122 56 255
122 56 255
122 56 255
124 58 255
124 58 255
124 58 255
124 58 255
124 58 255
123 57 255
123 57 255
123 57 255
123 57 255
128 65 255
136 77 255
0 0 0
0 0 0
0 0 0
0 0 0
0 0 0
0 0 0
0 0 0
0 0 0
150 98 255
130 67 255
130 67 255
130 67 255
130 67 255
130 67 255
130 67 255
130 67 255
130 67 255
130 67 255
130 67 255
130 67 255
129 66 255
129 66 255
122 56 255
122 56 255
123 57 255
123 57 255
124 58 255
124 58 255
124 58 255
124 58 255
123 57 255
123 57 255
123 57 255
123 57 255
129 66 255
134 74 255
0 0 0
0 0 0
0 0 0
0 0 0
0 0 0
0 0 0
0 0 0
0 0 0
148 95 255
130 67 255
130 67 255
130 67 255
130 67 255
130 67 255
130 67 255
130 67 255
130 67 255
130 67 255
130 67 255
130 67 255
130 67 255
130 67 255
122 56 255
122 56 255
123 57 255
123 57 255
124 58 255
124 58 255
124 58 255
124 58 255
123 57 255
123 57 255
123 57 255
128 65 255
129 66 255
128 65 255
0 0 0
0 0 0
0 0 0
0 0 0
0 0 0
0 0 0
0 0 0
0 0 0
138 80 255
130 67 255
129 66 255
129 66 255
129 66 255
129 66 255
130 67 255
130 67 255
130 67 255
130 67 255
130 67 255
130 67 255
130 67 255
130 67 255
124 58 255
122 56 255
123 57 255
123 57 255
124 58 255
124 58 255
124 58 255
124 58 255
123 57 255
123 57 255
123 57 255
129 66 255
128 65 255
128 65 255
155 105 255
0 0 0
0 0 0
0 0 0
0 0 0
0 0 0
0 0 0
0 0 0
129 66 255
129 66 255
129 66 255
129 66 255
129 66 255
129 66 255
129 66 255
129 66 255
130 67 255
130 67 255
130 67 255
129 66 255
129 66 255
144 89 255
128 74 255
124 59 255
123 57 255
123 57 255
124 58 255
124 58 255
124 58 255
124 58 255
123 57 255
123 57 255
123 57 255
128 65 255
128 65 255
128 65 255
133 72 255
0 0 0
0 0 0
0 0 0
0 0 0
0 0 0
0 0 0
137 78 255
129 66 255
129 66 255
129 66 255
129 66 255
129 66 255
129 66 255
129 66 255
129 66 255
129 66 255
129 66 255
129 66 255
129 66 255
139 81 255
0 0 0
0 0 0
136 77 255
124 59 255
123 57 255
123 57 255
123 57 255
123 57 255
123 57 255
123 57 255
123 57 255
123 57 255
128 65 255
128 65 255
128 65 255
128 65 255
128 65 255
143 87 255
0 0 0
0 0 0
150 97 255
129 66 255
129 66 255
129 66 255
129 66 255
129 66 255
129 66 255
129 66 255
129 66 255
129 66 255
129 66 255
129 66 255
129 66 255
129 66 255
142 85 255
0 0 0
0 0 0
0 0 0
0 0 0
134 82 255
125 60 255
123 57 255
123 57 255
123 57 255
123 57 255
123 57 255
123 57 255
123 57 255
129 66 255
129 66 255
129 66 255
129 66 255
129 66 255
129 66 255
129 66 255
129 66 255
129 66 255
129 66 255
129 66 255
129 66 255
129 66 255
129 66 255
130 67 255
128 65 255
128 65 255
128 65 255
128 65 255
128 65 255
128 65 255
140 83 255
0 0 0
0 0 0
0 0 0
